/workspaces/TP2-TD5/tp2/instancias/2l-cvrp-0/E016-03m.dat
1 3 4 9 8 1 , Costo:97.8712
1 5 14 15 7 1 , Costo:72.3201
1 6 16 11 10 12 2 1 , Costo:95.3371
1 13 1 , Costo:16.1245
Costo total:281.653

/workspaces/TP2-TD5/tp2/instancias/2l-cvrp-0/E016-05m.dat
1 3 4 2 1 , Costo:69.4227
1 5 14 15 1 , Costo:68.7335
1 7 1 , Costo:22.8035
1 8 9 1 , Costo:62.4781
1 10 11 16 6 1 , Costo:79.6421
1 12 13 1 , Costo:34.3165
Costo total:337.396

/workspaces/TP2-TD5/tp2/instancias/2l-cvrp-0/E021-04m.dat
1 3 6 2 7 13 1 , Costo:100.212
1 8 10 4 16 5 1 , Costo:86.5564
1 21 12 20 11 19 17 1 , Costo:124.491
1 9 15 14 18 1 , Costo:69.8659
Costo total:381.125

/workspaces/TP2-TD5/tp2/instancias/2l-cvrp-0/E021-06m.dat
1 2 7 21 1 , Costo:68.1438
1 3 1 , Costo:16.1245
1 4 10 6 8 1 , Costo:95.4362
1 9 1 , Costo:29.5296
1 12 20 11 19 1 , Costo:95.9334
1 5 17 13 18 1 , Costo:89.7285
1 14 15 16 1 , Costo:68.5792
Costo total:463.475

/workspaces/TP2-TD5/tp2/instancias/2l-cvrp-0/E022-04g.dat
1 10 8 6 3 2 7 9 1 , Costo:113.403
1 11 4 5 12 14 1 , Costo:102.577
1 13 16 18 17 15 1 , Costo:72.6676
1 20 22 21 19 1 , Costo:100.125
Costo total:388.772

/workspaces/TP2-TD5/tp2/instancias/2l-cvrp-0/E022-06m.dat
1 2 3 6 1 , Costo:109.185
1 9 7 4 5 12 1 , Costo:97.3112
1 10 8 11 1 , Costo:67.6471
1 13 16 1 , Costo:43.4704
1 14 17 1 , Costo:40.3023
1 19 21 18 15 1 , Costo:74.5286
1 20 22 1 , Costo:76.2763
Costo total:508.721

/workspaces/TP2-TD5/tp2/instancias/2l-cvrp-0/E023-03g.dat
1 8 10 5 6 9 22 1 , Costo:215.533
1 11 14 1 , Costo:67.9375
1 19 20 15 21 23 18 16 17 4 3 2 7 12 13 1 , Costo:339.91
Costo total:623.38

/workspaces/TP2-TD5/tp2/instancias/2l-cvrp-0/E023-05S.DAT
1 8 10 5 6 9 22 1 , Costo:215.533
1 11 14 1 , Costo:67.9375
1 19 20 15 21 23 18 16 17 4 3 2 7 12 13 1 , Costo:339.91
Costo total:623.38

/workspaces/TP2-TD5/tp2/instancias/2l-cvrp-0/E026-08m.dat
1 24 2 18 1 , Costo:49.897
1 3 5 26 11 1 , Costo:100.247
1 4 1 , Costo:29.5296
1 7 6 8 1 , Costo:84.6674
1 10 9 12 17 1 , Costo:89.933
1 13 1 , Costo:16
1 15 21 22 14 1 , Costo:100.794
1 16 20 1 , Costo:69.3594
1 25 19 23 1 , Costo:88.7666
Costo total:629.194

/workspaces/TP2-TD5/tp2/instancias/2l-cvrp-0/E030-03g.dat
1 3 23 1 , Costo:112.332
1 16 17 14 8 18 10 15 9 13 12 11 24 19 1 , Costo:139.545
1 20 27 29 7 30 28 26 25 2 6 5 4 21 1 , Costo:233.806
1 22 1 , Costo:46.3897
Costo total:532.072

/workspaces/TP2-TD5/tp2/instancias/2l-cvrp-0/E030-04S.DAT
1 3 23 1 , Costo:112.332
1 16 17 14 8 18 10 15 9 13 12 11 24 19 1 , Costo:139.545
1 20 27 29 7 30 28 26 25 2 6 5 4 21 1 , Costo:233.806
1 22 1 , Costo:46.3897
Costo total:532.072

/workspaces/TP2-TD5/tp2/instancias/2l-cvrp-0/E031-09h.dat
1 2 23 29 1 , Costo:69.3068
1 3 5 1 , Costo:34.3592
1 7 17 4 13 1 , Costo:57.6997
1 8 20 9 28 1 , Costo:61.0789
1 10 11 1 , Costo:65.2533
1 12 15 1 , Costo:67.5878
1 14 16 21 6 1 , Costo:81.8613
1 18 27 1 , Costo:22.3912
1 26 19 25 24 1 , Costo:104.617
1 30 22 31 1 , Costo:61.0597
Costo total:625.215

/workspaces/TP2-TD5/tp2/instancias/2l-cvrp-0/E033-03N.DAT
33 26 27 28 2 18 30 29 22 8 33 , Costo:557.64
33 5 20 3 15 14 24 19 25 23 21 9 10 33 , Costo:864.456
33 16 32 13 17 1 4 31 6 7 12 11 33 , Costo:653.478
Costo total:2075.57

/workspaces/TP2-TD5/tp2/instancias/2l-cvrp-0/E033-04g.dat
1 31 32 15 2 4 1 , Costo:165.572
1 5 8 9 10 33 12 13 3 1 , Costo:168.37
1 6 7 11 19 20 22 23 21 24 25 26 18 16 14 1 , Costo:268.67
1 27 28 17 29 30 1 , Costo:241.138
Costo total:843.749

/workspaces/TP2-TD5/tp2/instancias/2l-cvrp-0/E033-05s.dat
1 31 32 15 2 4 1 , Costo:165.572
1 5 8 9 10 33 12 13 3 1 , Costo:168.37
1 6 7 11 19 20 22 23 21 24 25 26 18 16 14 1 , Costo:268.67
1 27 28 17 29 30 1 , Costo:241.138
Costo total:843.749

/workspaces/TP2-TD5/tp2/instancias/2l-cvrp-0/E036-11h.dat
1 2 23 29 1 , Costo:69.3068
1 3 7 18 1 , Costo:41.1665
1 4 17 34 1 , Costo:55.0537
1 5 27 1 , Costo:24.8585
1 8 12 1 , Costo:59.1083
1 9 28 35 1 , Costo:44.6216
1 10 33 1 , Costo:53.0156
1 11 32 13 1 , Costo:76.8546
1 14 16 21 6 1 , Costo:81.8613
1 20 15 36 1 , Costo:60.3367
1 26 19 25 24 1 , Costo:104.617
1 30 22 31 1 , Costo:61.0597
Costo total:731.86

/workspaces/TP2-TD5/tp2/instancias/2l-cvrp-0/E041-14h.dat
1 2 23 29 1 , Costo:69.3068
1 3 31 1 , Costo:35.878
1 33 4 17 1 , Costo:58.6823
1 5 1 , Costo:14.1421
1 6 22 1 , Costo:65.3331
1 7 34 1 , Costo:35.6264
1 8 12 1 , Costo:59.1083
1 39 9 35 1 , Costo:66.4691
1 10 40 1 , Costo:50.0846
1 11 32 1 , Costo:76.5616
1 13 41 1 , Costo:31.3242
1 28 14 30 1 , Costo:55.1193
1 20 15 36 1 , Costo:60.3367
1 16 21 38 37 1 , Costo:84.9722
1 18 27 1 , Costo:22.3912
1 26 19 25 24 1 , Costo:104.617
Costo total:889.953

/workspaces/TP2-TD5/tp2/instancias/2l-cvrp-0/E045-04f.dat
1 4 5 36 8 6 7 28 30 34 29 32 33 35 37 1 , Costo:369.223
1 9 44 45 31 42 41 40 43 39 38 16 25 1 , Costo:113.089
1 11 19 12 13 14 15 18 17 3 2 10 1 , Costo:129.809
1 26 27 24 23 20 21 22 1 , Costo:131.348
Costo total:743.469

/workspaces/TP2-TD5/tp2/instancias/2l-cvrp-0/E048-04y.dat
1 48 6 29 42 3 26 5 35 45 11 25 32 39 22 14 1 , Costo:16488.5
1 43 18 27 20 37 7 30 28 8 19 36 44 31 38 9 1 , Costo:12559.5
1 47 12 13 21 33 46 16 40 10 2 23 17 41 4 34 1 , Costo:12502.5
1 15 24 1 , Costo:1926.85
Costo total:43477.4

/workspaces/TP2-TD5/tp2/instancias/2l-cvrp-0/E051-05e.dat
1 33 12 3 17 39 6 13 47 1 , Costo:70.3946
1 19 5 48 1 , Costo:39.6248
1 7 24 49 9 28 1 , Costo:63.0569
1 16 46 34 40 31 35 22 30 51 10 11 50 1 , Costo:145.519
1 18 38 45 43 20 41 42 14 26 15 1 , Costo:118.295
1 25 44 8 27 32 29 4 37 36 21 23 2 1 , Costo:147.746
Costo total:584.637

/workspaces/TP2-TD5/tp2/instancias/2l-cvrp-0/E072-04f.dat
1 10 8 5 9 4 6 11 7 72 2 13 17 18 14 16 3 20 15 37 1 , Costo:83.5196
1 19 12 36 1 , Costo:25.1406
1 24 27 25 26 50 52 71 51 48 49 53 46 54 47 44 43 45 28 29 23 22 31 30 21 1 , Costo:67.8304
1 32 33 35 61 62 59 60 64 63 65 66 67 68 41 39 38 70 69 40 58 57 42 56 55 1 , Costo:64.8129
1 34 1 , Costo:16.4924
Costo total:257.796

/workspaces/TP2-TD5/tp2/instancias/2l-cvrp-0/E076-07s.dat
1 59 11 32 26 56 19 51 33 10 40 73 13 1 , Costo:132.181
1 12 39 66 67 60 15 54 20 55 1 , Costo:129.414
1 14 58 16 38 21 71 61 72 70 37 48 22 62 23 29 1 , Costo:152.054
1 18 41 52 17 64 34 3 7 69 5 1 , Costo:84.9599
1 27 68 76 1 , Costo:21.8107
1 31 49 6 30 46 28 53 9 36 8 47 35 1 , Costo:87.5359
1 4 45 25 50 24 57 42 43 65 44 2 74 63 75 1 , Costo:144.837
Costo total:752.792

/workspaces/TP2-TD5/tp2/instancias/2l-cvrp-0/E076-07u.dat
1 59 11 32 26 56 19 51 33 10 40 73 13 1 , Costo:132.181
1 12 39 66 67 60 15 54 20 55 1 , Costo:129.414
1 14 58 16 38 21 71 61 72 70 37 48 22 62 23 29 1 , Costo:152.054
1 18 41 52 17 64 34 3 7 69 5 1 , Costo:84.9599
1 27 68 76 1 , Costo:21.8107
1 31 49 6 30 46 28 53 9 36 8 47 35 1 , Costo:87.5359
1 4 45 25 50 24 57 42 43 65 44 2 74 63 75 1 , Costo:144.837
Costo total:752.792

/workspaces/TP2-TD5/tp2/instancias/2l-cvrp-0/E076-08s.dat
1 74 2 44 65 43 42 57 24 50 25 45 1 , Costo:128.421
1 4 33 51 19 56 26 32 11 59 1 , Costo:122.473
1 68 5 46 31 3 7 69 76 1 , Costo:55.6336
1 8 54 36 55 14 28 53 9 47 35 1 , Costo:88.056
1 12 39 66 67 60 15 20 1 , Costo:107.801
1 18 41 10 40 73 13 27 1 , Costo:56.6354
1 30 6 49 75 29 63 34 64 17 52 1 , Costo:94.6906
1 23 62 22 48 37 70 72 61 71 21 38 16 58 1 , Costo:145.539
Costo total:799.249

/workspaces/TP2-TD5/tp2/instancias/2l-cvrp-0/E076-08u.dat
1 74 2 44 65 43 42 57 24 50 25 45 1 , Costo:128.421
1 4 33 51 19 56 26 32 11 59 1 , Costo:122.473
1 68 5 46 31 3 7 69 76 1 , Costo:55.6336
1 8 54 36 55 14 28 53 9 47 35 1 , Costo:88.056
1 12 39 66 67 60 15 20 1 , Costo:107.801
1 18 41 10 40 73 13 27 1 , Costo:56.6354
1 30 6 49 75 29 63 34 64 17 52 1 , Costo:94.6906
1 23 62 22 48 37 70 72 61 71 21 38 16 58 1 , Costo:145.539
Costo total:799.249

/workspaces/TP2-TD5/tp2/instancias/2l-cvrp-0/E076-10e.dat
1 64 24 57 42 43 65 44 2 74 1 , Costo:107.398
1 5 35 47 68 27 1 , Costo:34.1178
1 59 12 54 36 55 9 8 1 , Costo:99.6737
1 13 40 10 33 45 4 17 1 , Costo:70.2284
1 14 58 16 38 21 71 61 72 70 37 48 1 , Costo:115.817
1 18 41 52 7 3 69 76 1 , Costo:55.5152
1 50 25 51 19 56 26 32 11 73 1 , Costo:139.98
1 31 49 6 30 46 28 53 1 , Costo:64.3087
1 34 63 29 23 62 22 75 1 , Costo:94.4423
1 39 66 67 60 15 20 1 , Costo:97.5098
Costo total:878.991

/workspaces/TP2-TD5/tp2/instancias/2l-cvrp-0/E076-14s.dat
1 69 3 7 52 18 1 , Costo:43.9727
1 4 25 50 64 44 2 74 1 , Costo:96.5874
1 5 76 1 , Costo:15.4562
1 6 16 58 14 55 20 36 1 , Costo:87.5693
1 8 9 53 28 46 1 , Costo:52.9526
1 10 33 45 17 1 , Costo:67.3275
1 12 15 54 1 , Costo:69.4565
1 13 59 11 73 41 1 , Costo:61.5114
1 37 70 72 61 71 21 38 30 1 , Costo:103.067
1 29 62 22 48 1 , Costo:78.4457
1 23 65 43 42 57 24 1 , Costo:104.474
1 51 19 56 26 32 40 1 , Costo:115.768
1 34 63 75 49 31 1 , Costo:67.1045
1 35 47 68 27 1 , Costo:29.9757
1 39 66 67 60 1 , Costo:92.889
Costo total:1086.56

/workspaces/TP2-TD5/tp2/instancias/2l-cvrp-0/E076-14u.dat
1 69 3 7 52 18 1 , Costo:43.9727
1 4 25 50 64 44 2 74 1 , Costo:96.5874
1 5 76 1 , Costo:15.4562
1 6 16 58 14 55 20 36 1 , Costo:87.5693
1 8 9 53 28 46 1 , Costo:52.9526
1 10 33 45 17 1 , Costo:67.3275
1 12 15 54 1 , Costo:69.4565
1 13 59 11 73 41 1 , Costo:61.5114
1 37 70 72 61 71 21 38 30 1 , Costo:103.067
1 29 62 22 48 1 , Costo:78.4457
1 23 65 43 42 57 24 1 , Costo:104.474
1 51 19 56 26 32 40 1 , Costo:115.768
1 34 63 75 49 31 1 , Costo:67.1045
1 35 47 68 27 1 , Costo:29.9757
1 39 66 67 60 1 , Costo:92.889
Costo total:1086.56

/workspaces/TP2-TD5/tp2/instancias/2l-cvrp-0/E076-15s.dat
1 69 3 7 52 18 1 , Costo:43.9727
1 4 25 50 64 44 2 74 1 , Costo:96.5874
1 5 76 1 , Costo:15.4562
1 6 16 58 14 55 20 36 1 , Costo:87.5693
1 8 9 53 28 46 1 , Costo:52.9526
1 10 33 45 17 1 , Costo:67.3275
1 12 15 54 1 , Costo:69.4565
1 13 59 11 73 41 1 , Costo:61.5114
1 37 70 72 61 71 21 38 30 1 , Costo:103.067
1 29 62 22 48 1 , Costo:78.4457
1 23 65 43 42 57 24 1 , Costo:104.474
1 51 19 56 26 32 40 1 , Costo:115.768
1 34 63 75 49 31 1 , Costo:67.1045
1 35 47 68 27 1 , Costo:29.9757
1 39 66 67 60 1 , Costo:92.889
Costo total:1086.56

/workspaces/TP2-TD5/tp2/instancias/2l-cvrp-0/E076A10r.dat
76 11 2 3 6 9 10 7 1 14 22 28 76 , Costo:237.346
76 16 4 5 8 17 76 , Costo:132.325
76 13 20 71 73 72 70 52 76 , Costo:196.263
76 15 25 27 18 24 12 76 , Costo:102.402
76 23 74 75 19 21 76 , Costo:197.101
76 33 45 30 61 67 51 66 76 , Costo:175.623
76 36 44 39 57 76 , Costo:163.139
76 50 47 38 43 35 49 48 37 32 34 41 40 42 29 68 31 59 69 65 76 , Costo:219.525
76 53 62 26 76 , Costo:84.6448
76 56 58 63 64 55 46 60 54 76 , Costo:148.603
Costo total:1656.97

/workspaces/TP2-TD5/tp2/instancias/2l-cvrp-0/E076B09r.dat
76 1 8 76 , Costo:11.2136
76 2 4 76 , Costo:7.16228
76 7 48 50 6 76 , Costo:52.5646
76 11 70 68 59 62 60 57 58 61 56 55 69 12 10 74 76 , Costo:258.13
76 13 43 44 39 76 , Costo:78.4841
76 14 46 47 33 30 22 21 20 29 25 31 35 28 24 17 34 26 45 3 76 , Costo:211.064
76 9 5 75 72 15 41 71 76 , Costo:53.7688
76 51 42 37 49 54 32 27 18 16 40 76 , Costo:191.729
76 23 19 38 52 76 , Costo:165.834
76 53 65 66 67 64 63 73 36 76 , Costo:328.281
Costo total:1358.23

/workspaces/TP2-TD5/tp2/instancias/2l-cvrp-0/E076C09r.dat
76 55 8 9 3 64 53 54 1 2 51 76 , Costo:49.4267
76 4 57 76 , Costo:26.6088
76 5 36 56 65 76 , Costo:74.7376
76 10 24 70 76 , Costo:105.774
76 68 66 67 71 69 13 15 26 16 19 21 25 28 17 41 18 52 6 76 , Costo:318.313
76 29 31 32 40 33 37 42 43 35 34 46 49 39 63 76 , Costo:292.874
76 30 75 7 76 , Costo:196.437
76 58 38 44 50 48 60 76 , Costo:131.23
76 61 45 47 20 12 23 14 27 22 62 76 , Costo:140.789
76 59 72 74 73 11 76 , Costo:65.2739
Costo total:1401.46

/workspaces/TP2-TD5/tp2/instancias/2l-cvrp-0/E076D09r.dat
76 11 6 3 2 66 76 , Costo:211.922
76 5 4 10 9 1 8 7 73 74 72 76 , Costo:192.063
76 23 20 19 22 71 70 75 17 12 24 14 15 18 13 16 76 , Costo:167.241
76 21 76 , Costo:67.2012
76 37 34 30 32 38 36 33 26 29 39 25 31 28 51 59 45 43 76 , Costo:233.531
76 40 57 76 , Costo:56.2432
76 42 54 76 , Costo:59.0017
76 47 52 49 44 53 46 55 56 41 76 , Costo:75.92
76 35 27 50 48 58 76 , Costo:145.899
76 61 67 63 62 65 69 64 60 68 76 , Costo:213.382
Costo total:1422.4

/workspaces/TP2-TD5/tp2/instancias/2l-cvrp-0/E101-08e.dat
1 3 22 74 73 5 55 81 69 78 77 13 27 1 , Costo:97.4365
1 6 62 17 87 39 45 15 44 16 58 43 88 1 , Costo:126.419
1 96 98 93 38 99 101 92 86 94 60 100 97 7 90 1 , Costo:63.4
1 49 20 12 33 91 64 65 50 37 48 47 46 18 85 1 , Costo:170.141
1 75 42 23 76 57 24 68 40 26 56 25 30 80 4 1 , Costo:140.938
1 53 19 61 84 9 83 8 89 63 11 32 2 70 28 29 1 , Costo:111.587
1 71 31 52 21 67 72 66 36 35 79 10 82 34 51 1 , Costo:142.9
1 95 14 59 41 54 1 , Costo:37.8999
Costo total:890.72

/workspaces/TP2-TD5/tp2/instancias/2l-cvrp-0/E101-10c.dat
1 6 4 8 9 10 7 5 3 2 76 1 , Costo:51.8502
1 11 100 101 98 94 93 95 96 97 99 1 , Costo:103.578
1 12 13 15 17 20 16 19 18 14 1 , Costo:100.463
1 21 22 23 25 26 28 30 31 29 27 24 1 , Costo:51.2111
1 33 34 32 36 38 39 40 37 35 1 , Costo:97.2272
1 44 48 50 53 51 52 49 46 45 47 43 41 42 1 , Costo:66.2897
1 58 60 61 59 57 54 55 56 1 , Costo:101.883
1 82 79 77 72 71 74 78 80 81 73 62 65 69 70 1 , Costo:137.019
1 64 75 63 67 66 68 1 , Costo:44.2787
1 92 90 89 86 85 83 84 87 88 91 1 , Costo:76.0696
Costo total:829.869

/workspaces/TP2-TD5/tp2/instancias/2l-cvrp-0/E101-14s.dat
1 70 2 71 31 11 32 8 19 53 1 , Costo:87.872
1 3 88 98 96 97 95 7 1 , Costo:54.899
1 77 78 69 55 5 41 1 , Costo:71.0367
1 83 49 20 12 63 89 1 , Costo:77.6484
1 29 13 27 59 14 90 1 , Costo:58.3171
1 58 43 44 16 42 23 76 75 73 74 1 , Costo:98.1163
1 15 45 39 87 17 92 93 1 , Costo:98.9517
1 21 67 72 66 36 35 79 30 25 81 1 , Costo:135.362
1 56 26 40 68 24 57 22 1 , Costo:102.024
1 28 54 1 , Costo:18.6917
1 47 48 37 50 65 64 91 33 1 , Costo:131.718
1 51 52 10 82 34 80 4 1 , Costo:74.927
1 60 100 6 85 18 46 9 84 61 1 , Costo:80.5964
1 38 99 101 86 62 94 1 , Costo:60.9824
Costo total:1151.14

/workspaces/TP2-TD5/tp2/instancias/2l-cvrp-0/E101-14u.dat
1 70 2 71 31 11 32 8 19 53 1 , Costo:87.872
1 3 88 98 96 97 95 7 1 , Costo:54.899
1 77 78 69 55 5 41 1 , Costo:71.0367
1 83 49 20 12 63 89 1 , Costo:77.6484
1 29 13 27 59 14 90 1 , Costo:58.3171
1 58 43 44 16 42 23 76 75 73 74 1 , Costo:98.1163
1 15 45 39 87 17 92 93 1 , Costo:98.9517
1 21 67 72 66 36 35 79 30 25 81 1 , Costo:135.362
1 56 26 40 68 24 57 22 1 , Costo:102.024
1 28 54 1 , Costo:18.6917
1 47 48 37 50 65 64 91 33 1 , Costo:131.718
1 51 52 10 82 34 80 4 1 , Costo:74.927
1 60 100 6 85 18 46 9 84 61 1 , Costo:80.5964
1 38 99 101 86 62 94 1 , Costo:60.9824
Costo total:1151.14

/workspaces/TP2-TD5/tp2/instancias/2l-cvrp-0/E101A11r.dat
101 91 7 2 15 14 1 16 9 8 99 101 , Costo:252.978
101 20 34 62 101 , Costo:82.0977
101 26 38 68 73 74 30 24 25 37 101 , Costo:177.405
101 28 35 70 72 71 69 66 75 57 64 101 , Costo:232.661
101 19 22 21 23 36 29 27 32 33 31 65 101 , Costo:146.066
101 42 47 52 60 53 101 , Costo:138.424
101 54 98 101 , Costo:116.497
101 56 61 63 55 101 , Costo:39.3852
101 59 67 40 45 44 39 41 50 48 51 49 43 46 100 58 101 , Costo:271.903
101 76 89 87 94 96 97 95 101 , Costo:213.745
101 77 78 86 88 83 92 82 84 79 80 101 , Costo:215.991
101 81 93 85 90 3 17 6 18 10 4 11 5 12 13 101 , Costo:273.05
Costo total:2160.2

/workspaces/TP2-TD5/tp2/instancias/2l-cvrp-0/E101B11r.dat
101 17 5 4 11 2 3 6 9 10 7 1 8 22 101 , Costo:235.851
101 13 16 26 101 , Costo:76.6819
101 25 76 75 74 15 23 101 , Costo:199.203
101 18 97 92 89 95 99 96 90 94 101 , Costo:222.255
101 20 71 73 72 70 62 53 101 , Costo:175.782
101 21 91 93 19 12 101 , Costo:152.552
101 27 98 100 24 101 , Costo:132.415
101 36 33 45 30 61 67 51 83 88 85 87 82 86 84 28 101 , Costo:233.055
101 50 60 46 55 47 38 43 35 49 48 37 32 34 41 40 42 29 68 31 59 69 101 , Costo:220.6
101 63 64 57 39 44 54 101 , Costo:164.838
101 52 78 79 80 77 81 58 56 65 66 14 101 , Costo:184.713
Costo total:1997.95

/workspaces/TP2-TD5/tp2/instancias/2l-cvrp-0/E101C11r.dat
101 1 68 70 8 74 101 , Costo:29.6541
101 2 5 9 4 101 , Costo:17.0486
101 6 48 86 94 95 101 , Costo:47.7753
101 7 13 92 89 93 90 85 88 98 97 87 91 101 , Costo:54.6245
101 10 12 69 55 56 61 58 57 60 62 63 59 73 36 11 101 , Costo:260.205
101 14 33 30 22 21 20 29 25 18 40 101 , Costo:192.957
101 39 38 19 100 71 101 , Costo:164.368
101 41 45 26 34 17 24 28 35 31 23 16 27 32 47 46 52 3 101 , Costo:200.703
101 53 64 67 66 65 82 81 84 79 80 83 78 54 49 42 96 101 , Costo:353.051
101 50 43 44 37 51 101 , Costo:86.7018
101 75 99 76 72 77 15 101 , Costo:39.2845
Costo total:1446.37

/workspaces/TP2-TD5/tp2/instancias/2l-cvrp-0/E101D11r.dat
101 55 9 53 64 58 65 1 51 101 , Costo:59.624
101 44 39 40 33 37 42 43 35 34 46 49 84 86 82 85 83 47 3 54 2 101 , Costo:257.401
101 4 101 , Costo:26.3059
101 5 36 50 48 60 101 , Costo:92.7313
101 7 95 98 75 101 , Costo:107.154
101 11 94 96 32 31 97 59 101 , Costo:169.499
101 56 61 63 38 45 20 12 23 14 27 22 62 8 6 101 , Costo:171.8
101 66 67 71 69 13 91 88 92 90 87 26 89 16 19 15 93 21 25 28 17 41 18 52 101 , Costo:364.393
101 68 70 24 10 57 101 , Costo:123.083
101 72 74 73 76 78 101 , Costo:63.7844
101 99 30 29 100 80 77 81 101 , Costo:214.078
101 79 101 , Costo:44.1814
Costo total:1694.03

/workspaces/TP2-TD5/tp2/instancias/2l-cvrp-0/E121-07c.dat
1 9 13 14 15 16 12 11 10 5 4 6 7 8 2 3 89 1 , Costo:140.928
1 17 18 30 27 24 23 25 28 32 31 34 35 37 36 33 29 26 20 21 22 110 1 , Costo:225.984
1 38 39 40 43 42 45 48 47 50 51 52 49 46 44 41 111 1 , Costo:199.796
1 53 55 58 60 66 62 63 65 67 64 61 59 57 56 54 108 1 , Costo:215.423
1 68 70 71 72 75 73 76 79 81 80 78 77 74 69 99 1 , Costo:145.658
1 121 120 82 83 96 97 94 95 98 116 117 101 104 105 100 102 107 106 103 1 , Costo:90.8848
1 88 93 90 92 91 115 119 109 19 84 114 118 85 113 86 87 112 1 , Costo:57.1664
Costo total:1075.84

/workspaces/TP2-TD5/tp2/instancias/2l-cvrp-0/E135-07f.dat
1 20 66 131 120 117 132 118 133 18 47 1 , Costo:207.295
1 134 69 70 71 113 126 112 111 123 124 125 127 128 122 129 130 114 82 19 119 1 , Costo:224.982
1 29 93 17 14 16 89 15 13 12 10 9 8 7 6 5 11 3 43 42 4 41 45 44 96 38 39 40 46 95 94 30 62 61 1 , Costo:119.998
1 33 35 50 63 51 52 53 54 103 104 105 102 36 37 100 101 99 97 98 106 58 57 56 55 59 31 32 60 1 , Costo:71.6034
1 67 72 34 81 68 80 64 79 65 78 77 135 49 2 76 48 73 1 , Costo:100.785
1 74 75 23 24 25 92 22 26 27 28 91 90 88 87 86 85 84 83 21 1 , Costo:138.187
1 121 110 109 108 107 115 116 1 , Costo:335.339
Costo total:1198.19

/workspaces/TP2-TD5/tp2/instancias/2l-cvrp-0/E151-12b.dat
1 6 85 18 114 62 86 99 38 94 60 105 100 1 , Costo:79.1422
1 121 10 104 21 129 67 72 66 137 36 136 35 79 130 1 , Costo:137.032
1 16 44 143 15 120 45 39 141 87 142 17 92 101 93 1 , Costo:122.06
1 56 26 140 40 68 24 57 76 134 23 42 146 58 43 1 , Costo:131.767
1 28 53 128 107 8 19 61 119 97 95 7 148 90 1 , Costo:78.4356
1 29 139 27 106 1 , Costo:27.8678
1 132 33 91 127 64 65 50 144 37 48 125 47 46 126 9 1 , Costo:144.2
1 51 103 34 82 52 123 31 109 11 71 102 32 1 , Costo:92.4973
1 54 59 138 3 116 145 88 98 96 118 14 113 1 , Costo:57.3168
1 55 131 135 25 30 122 80 4 78 69 151 81 117 1 , Costo:90.2198
1 84 115 83 49 124 20 108 12 63 149 89 147 1 , Costo:87.6053
1 112 133 70 2 77 13 110 150 111 5 73 75 74 22 41 1 , Costo:98.173
Costo total:1146.32

/workspaces/TP2-TD5/tp2/instancias/2l-cvrp-0/E151-12c.dat
1 104 109 91 6 78 1 , Costo:34.8746
1 15 133 99 24 70 8 62 113 61 9 47 1 , Costo:96.1067
1 13 48 140 103 7 58 49 139 82 28 33 12 1 , Costo:75.8232
1 21 60 4 71 29 117 122 116 37 86 36 85 129 30 1 , Costo:137.032
1 31 105 35 75 80 22 130 84 132 102 81 23 121 2 120 1 , Costo:108.384
1 32 83 141 27 114 115 100 44 87 98 25 97 96 26 59 1 , Costo:144.2
1 64 38 53 16 72 124 125 123 55 11 50 77 39 79 1 , Costo:82.762
1 106 76 40 90 118 74 107 126 34 73 92 46 108 1 , Costo:121.466
1 52 101 3 127 17 128 54 119 131 51 10 63 1 , Costo:71.1793
1 57 145 147 18 146 148 143 150 5 56 19 111 134 69 1 , Costo:75.3871
1 66 94 65 20 95 89 41 137 42 67 14 68 135 1 , Costo:129.592
1 110 144 88 149 112 136 142 151 43 93 45 138 1 , Costo:85.9514
Costo total:1162.76

/workspaces/TP2-TD5/tp2/instancias/2l-cvrp-0/E151A15r.dat
151 146 150 147 7 2 14 1 16 9 8 102 109 100 104 106 113 151 , Costo:272.584
151 20 34 22 19 151 , Costo:102.932
151 21 23 36 29 27 32 33 31 24 25 37 28 151 , Costo:143.496
151 40 45 44 39 41 50 48 51 49 43 46 110 101 108 151 , Costo:312.524
151 26 47 42 52 58 54 151 , Costo:262.546
151 53 60 151 , Costo:31.6489
151 61 56 63 57 55 64 62 151 , Costo:41.9421
151 59 67 70 68 74 127 129 117 123 118 115 114 125 120 30 38 35 151 , Costo:269.995
151 75 71 69 66 72 73 151 , Costo:264.107
151 76 89 87 82 92 83 88 84 79 80 78 86 77 138 151 , Costo:268.202
151 91 94 96 97 95 151 , Costo:271.995
151 98 111 112 107 151 , Costo:137.364
151 99 105 13 5 12 11 4 10 18 6 17 3 15 103 151 , Costo:284.466
151 116 124 128 121 126 136 65 151 , Costo:177.163
151 133 135 122 119 134 132 131 130 137 151 , Costo:187.918
151 140 145 139 144 149 142 141 148 143 85 90 93 81 151 , Costo:270.865
Costo total:3299.75

/workspaces/TP2-TD5/tp2/instancias/2l-cvrp-0/E151B14r.dat
151 8 1 7 9 10 6 3 2 11 4 5 14 144 151 , Costo:249.417
151 13 24 100 139 135 12 151 , Costo:182.175
151 18 130 93 91 19 21 151 , Costo:193.692
151 25 74 75 76 27 20 151 , Costo:256.485
151 28 127 120 136 16 126 129 128 125 17 22 142 151 , Costo:56.9907
151 65 69 59 68 33 45 31 29 42 40 41 34 32 37 48 49 35 38 43 47 46 36 53 151 , Costo:255.213
151 52 57 44 39 30 61 51 151 , Costo:229.332
151 62 56 58 63 64 55 60 50 54 148 151 , Costo:152.846
151 66 67 81 77 80 79 78 149 145 151 , Costo:214.618
151 86 83 88 85 87 82 84 26 15 23 151 , Costo:175.931
151 141 116 112 109 115 118 111 119 113 110 117 114 143 151 , Costo:245.317
151 123 138 98 105 92 97 103 107 104 108 101 122 124 151 , Costo:238.259
151 131 133 121 137 102 96 99 95 89 90 94 106 134 132 151 , Costo:234.846
151 140 146 71 73 72 70 150 147 151 , Costo:198.35
Costo total:2883.47

/workspaces/TP2-TD5/tp2/instancias/2l-cvrp-0/E151C14r.dat
151 1 151 , Costo:8.24621
151 2 4 151 , Costo:6
151 3 137 143 138 139 32 27 30 33 82 81 84 79 80 83 78 54 49 37 42 51 151 , Costo:347.753
151 5 76 9 151 , Costo:22.0424
151 6 36 96 43 65 66 67 64 144 145 150 147 148 146 149 151 , Costo:297.856
151 8 68 73 59 63 62 60 57 58 61 56 55 69 74 10 151 , Costo:285.194
151 11 70 87 97 98 88 53 90 85 93 92 151 , Costo:82.3471
151 13 44 50 48 151 , Costo:64.7306
151 15 110 102 99 108 105 103 75 72 77 12 71 151 , Costo:52.2281
151 18 25 29 20 21 22 151 , Costo:241.627
151 41 45 47 38 46 52 39 40 151 , Costo:72.9638
151 95 86 94 89 91 7 151 , Costo:57.4158
151 100 104 107 151 , Costo:28.9985
151 106 112 130 128 133 127 129 135 26 31 35 28 17 34 24 23 16 19 140 141 142 14 151 , Costo:296.024
151 111 116 125 118 120 124 123 121 122 119 101 151 , Costo:286.475
151 126 136 131 134 132 117 114 113 115 109 151 , Costo:298.583
Costo total:2448.49

/workspaces/TP2-TD5/tp2/instancias/2l-cvrp-0/E151D14r.dat
151 60 36 45 47 61 58 64 53 54 1 2 151 , Costo:148.758
151 5 51 4 57 79 151 , Costo:68.2996
151 10 24 22 27 14 23 28 12 20 8 6 11 151 , Costo:161.487
151 7 83 128 122 63 151 , Costo:195.505
151 13 91 88 92 90 87 89 120 112 119 117 109 110 121 93 113 26 15 16 111 19 21 25 17 18 62 3 9 151 , Costo:316.883
151 29 30 32 31 99 97 151 , Costo:232.257
151 65 56 41 38 44 39 49 34 46 35 43 42 33 37 40 50 48 59 151 , Costo:230.263
151 85 131 126 129 127 132 133 130 124 123 125 84 86 82 52 55 151 , Costo:220.408
151 70 69 71 67 66 68 136 137 134 135 74 72 151 , Costo:397.018
151 75 107 104 108 106 105 100 101 102 103 80 77 81 73 76 78 151 , Costo:216.551
151 95 96 94 98 142 151 , Costo:148.372
151 114 115 116 118 151 , Costo:193.96
151 138 144 147 151 , Costo:93.4075
151 141 139 150 140 151 , Costo:88.2754
151 143 148 145 146 149 151 , Costo:79.399
Costo total:2790.84

/workspaces/TP2-TD5/tp2/instancias/2l-cvrp-0/E200-16b.dat
1 7 97 6 85 174 62 114 18 46 126 200 115 84 19 53 1 , Costo:95.4411
1 154 107 195 8 183 89 11 32 191 128 163 70 1 , Costo:73.8806
1 13 178 81 151 69 159 4 78 117 197 185 1 , Costo:55.8702
1 17 192 142 87 141 39 45 120 15 193 92 194 93 1 , Costo:105.636
1 83 49 124 20 108 176 12 160 63 149 1 , Costo:81.7143
1 190 109 33 132 161 129 67 189 21 31 123 1 , Costo:96.9632
1 150 196 180 55 131 5 156 111 199 74 22 181 1 , Costo:72.0566
1 166 56 26 171 68 40 188 140 24 187 57 76 75 1 , Costo:113.643
1 27 139 155 77 103 51 2 177 133 168 147 1 , Costo:61.8798
1 29 112 28 1 , Costo:22.5187
1 14 184 95 96 118 138 3 179 116 41 106 54 1 , Costo:59.6488
1 52 104 162 72 66 137 36 136 165 35 79 170 130 1 , Costo:114.144
1 9 175 47 125 169 48 37 144 50 65 182 64 127 91 71 102 1 , Costo:140.58
1 59 153 113 148 61 119 167 90 157 1 , Costo:51.518
1 100 105 60 94 86 101 99 38 152 98 88 1 , Costo:63.2241
1 110 135 164 25 30 122 80 186 10 121 82 34 158 1 , Costo:96.0108
1 145 173 43 143 44 16 58 146 42 134 23 172 198 73 1 , Costo:105.414
Costo total:1410.14

/workspaces/TP2-TD5/tp2/instancias/2l-cvrp-0/E200-16c.dat
1 197 2 192 198 200 191 44 185 193 159 199 54 196 1 , Costo:59.4187
1 7 34 194 195 67 102 29 65 113 1 , Costo:52.2337
1 39 166 12 171 165 86 135 85 15 134 178 1 , Costo:124.391
1 22 83 122 141 95 157 115 143 92 142 23 94 187 87 1 , Costo:98.8988
1 106 105 184 24 63 117 75 145 25 64 183 118 127 1 , Costo:91.5493
1 182 148 73 119 57 26 111 162 10 98 1 , Costo:82.2521
1 99 46 30 49 60 104 6 48 172 173 121 140 1 , Costo:70.4009
1 35 176 47 66 168 180 100 28 59 112 88 1 , Costo:52.0868
1 16 155 125 21 167 139 89 38 123 37 156 175 174 1 , Costo:114.215
1 161 116 42 91 186 90 138 144 69 114 43 137 1 , Costo:104.379
1 128 5 126 31 3 158 55 153 1 , Costo:40.5601
1 61 150 52 101 27 41 131 77 18 96 1 , Costo:64.0211
1 62 97 160 68 17 189 1 , Costo:39.3452
1 72 130 11 78 120 53 109 70 181 133 151 8 1 , Costo:97.3697
1 80 154 84 124 14 71 129 20 79 179 36 103 9 177 1 , Costo:90.3958
1 81 132 190 76 163 32 164 149 93 136 147 19 74 146 108 50 1 , Costo:149.158
1 82 169 13 51 170 58 110 40 188 33 107 45 56 4 152 1 , Costo:73.7928
Costo total:1404.47

/workspaces/TP2-TD5/tp2/instancias/2l-cvrp-0/E200-17b.dat
1 7 97 6 85 174 62 114 18 46 126 200 115 84 19 53 1 , Costo:95.4411
1 154 107 195 8 183 89 11 32 191 128 163 70 1 , Costo:73.8806
1 13 178 81 151 69 159 4 78 117 197 185 1 , Costo:55.8702
1 17 192 142 87 141 39 45 120 15 193 92 194 93 1 , Costo:105.636
1 83 49 124 20 108 176 12 160 63 149 1 , Costo:81.7143
1 190 109 33 132 161 129 67 189 21 31 123 1 , Costo:96.9632
1 150 196 180 55 131 5 156 111 199 74 22 181 1 , Costo:72.0566
1 166 56 26 171 68 40 188 140 24 187 57 76 75 1 , Costo:113.643
1 27 139 155 77 103 51 2 177 133 168 147 1 , Costo:61.8798
1 29 112 28 1 , Costo:22.5187
1 14 184 95 96 118 138 3 179 116 41 106 54 1 , Costo:59.6488
1 52 104 162 72 66 137 36 136 165 35 79 170 130 1 , Costo:114.144
1 9 175 47 125 169 48 37 144 50 65 182 64 127 91 71 102 1 , Costo:140.58
1 59 153 113 148 61 119 167 90 157 1 , Costo:51.518
1 100 105 60 94 86 101 99 38 152 98 88 1 , Costo:63.2241
1 110 135 164 25 30 122 80 186 10 121 82 34 158 1 , Costo:96.0108
1 145 173 43 143 44 16 58 146 42 134 23 172 198 73 1 , Costo:105.414
Costo total:1410.14

/workspaces/TP2-TD5/tp2/instancias/2l-cvrp-0/E200-17c.dat
1 197 2 192 198 200 191 44 185 193 159 199 54 196 1 , Costo:59.4187
1 7 34 194 195 67 102 29 65 113 1 , Costo:52.2337
1 39 166 12 171 165 86 135 85 15 134 178 1 , Costo:124.391
1 22 83 122 141 95 157 115 143 92 142 23 94 187 87 1 , Costo:98.8988
1 106 105 184 24 63 117 75 145 25 64 183 118 127 1 , Costo:91.5493
1 182 148 73 119 57 26 111 162 10 98 1 , Costo:82.2521
1 99 46 30 49 60 104 6 48 172 173 121 140 1 , Costo:70.4009
1 35 176 47 66 168 180 100 28 59 112 88 1 , Costo:52.0868
1 16 155 125 21 167 139 89 38 123 37 156 175 174 1 , Costo:114.215
1 161 116 42 91 186 90 138 144 69 114 43 137 1 , Costo:104.379
1 128 5 126 31 3 158 55 153 1 , Costo:40.5601
1 61 150 52 101 27 41 131 77 18 96 1 , Costo:64.0211
1 62 97 160 68 17 189 1 , Costo:39.3452
1 72 130 11 78 120 53 109 70 181 133 151 8 1 , Costo:97.3697
1 80 154 84 124 14 71 129 20 79 179 36 103 9 177 1 , Costo:90.3958
1 81 132 190 76 163 32 164 149 93 136 147 19 74 146 108 50 1 , Costo:149.158
1 82 169 13 51 170 58 110 40 188 33 107 45 56 4 152 1 , Costo:73.7928
Costo total:1404.47