/workspaces/TP2-TD5/tp2/instancias/2l-cvrp-0/E016-03m.dat
1 13 6 12 2 10 1 , Costo:87.8394
1 7 15 5 14 16 11 1 , Costo:131.03
1 3 4 9 8 1 , Costo:97.8712
Costo total:316.741

/workspaces/TP2-TD5/tp2/instancias/2l-cvrp-0/E016-05m.dat
1 13 6 11 1 , Costo:59.8141
1 7 15 5 16 1 , Costo:83.1925
1 12 3 1 , Costo:43.6955
1 2 9 8 1 , Costo:66.0097
1 10 4 14 1 , Costo:144.315
Costo total:397.027

/workspaces/TP2-TD5/tp2/instancias/2l-cvrp-0/E021-04m.dat
1 18 2 7 20 12 21 8 1 , Costo:112.367
1 3 9 10 1 , Costo:74.4001
1 5 16 4 15 1 , Costo:89.8929
1 13 19 17 14 11 6 1 , Costo:175.154
Costo total:451.814

/workspaces/TP2-TD5/tp2/instancias/2l-cvrp-0/E021-06m.dat
1 18 2 7 20 8 1 , Costo:98.1993
1 3 6 10 15 1 , Costo:112.399
1 9 14 1 , Costo:60.8084
1 5 16 17 1 , Costo:88.7297
1 13 19 11 12 1 , Costo:96.3273
1 4 21 1 , Costo:113.063
Costo total:569.527

/workspaces/TP2-TD5/tp2/instancias/2l-cvrp-0/E022-04g.dat
1 15 17 18 21 22 9 1 , Costo:135.632
1 13 16 19 20 7 1 , Costo:163.947
1 14 12 11 10 8 3 4 1 , Costo:165.657
1 6 2 5 1 , Costo:124.185
Costo total:589.421

/workspaces/TP2-TD5/tp2/instancias/2l-cvrp-0/E022-06m.dat
1 15 17 18 11 1 , Costo:83.0495
1 13 16 19 22 9 1 , Costo:146.801
1 14 12 5 1 , Costo:94.7792
1 10 8 6 7 1 , Costo:87.4139
1 20 4 3 1 , Costo:173.452
1 21 2 1 , Costo:160.09
Costo total:745.586

/workspaces/TP2-TD5/tp2/instancias/2l-cvrp-0/E023-03g.dat
1 13 12 14 10 9 5 6 8 19 20 21 23 1 , Costo:328.94
1 11 7 2 3 1 , Costo:130.567
1 15 18 16 17 4 22 1 , Costo:287.227
Costo total:746.734

/workspaces/TP2-TD5/tp2/instancias/2l-cvrp-0/E023-05S.DAT
1 13 12 14 10 9 5 6 8 19 20 21 23 1 , Costo:328.94
1 11 7 2 3 1 , Costo:130.567
1 15 18 16 17 4 22 1 , Costo:287.227
Costo total:746.734

/workspaces/TP2-TD5/tp2/instancias/2l-cvrp-0/E026-08m.dat
1 13 18 8 17 1 , Costo:70.7838
1 4 3 1 , Costo:46.1696
1 24 2 15 7 1 , Costo:73.524
1 23 19 25 1 , Costo:88.7666
1 9 10 12 14 1 , Costo:102.294
1 11 5 26 1 , Costo:101.629
1 16 20 1 , Costo:69.3594
1 6 21 1 , Costo:78.9292
Costo total:631.455

/workspaces/TP2-TD5/tp2/instancias/2l-cvrp-0/E030-03g.dat
1 19 24 22 15 9 10 18 13 12 11 17 14 1 , Costo:157.304
1 20 21 23 4 5 6 2 25 26 30 7 28 27 1 , Costo:208.429
1 16 8 29 3 1 , Costo:273.961
Costo total:639.694

/workspaces/TP2-TD5/tp2/instancias/2l-cvrp-0/E030-04S.DAT
1 19 24 22 15 9 10 18 13 12 11 17 14 1 , Costo:157.304
1 20 21 23 4 5 6 2 25 26 30 7 28 27 1 , Costo:208.429
1 16 8 29 3 1 , Costo:273.961
Costo total:639.694

/workspaces/TP2-TD5/tp2/instancias/2l-cvrp-0/E031-09h.dat
1 27 13 18 4 1 , Costo:52.8616
1 5 31 30 1 , Costo:43.7297
1 7 3 2 1 , Costo:57.7796
1 8 9 20 14 16 1 , Costo:80.0319
1 28 6 21 24 1 , Costo:130.824
1 17 25 19 1 , Costo:83.1074
1 10 26 23 1 , Costo:116.098
1 29 22 1 , Costo:61.2968
1 11 12 1 , Costo:70.1881
Costo total:695.917

/workspaces/TP2-TD5/tp2/instancias/2l-cvrp-0/E033-03N.DAT
33 16 4 31 6 7 12 10 11 9 8 22 29 30 18 26 27 28 23 20 33 , Costo:1018.18
33 21 25 19 15 24 14 3 5 32 13 17 1 33 , Costo:1197.93
33 2 33 , Costo:385.191
Costo total:2601.3

/workspaces/TP2-TD5/tp2/instancias/2l-cvrp-0/E033-04g.dat
1 4 3 13 12 33 9 10 11 8 7 6 1 , Costo:153.181
1 5 14 2 15 16 18 26 28 29 20 1 , Costo:299.876
1 31 32 30 17 25 24 21 22 1 , Costo:311.257
1 27 19 23 1 , Costo:237.876
Costo total:1002.19

/workspaces/TP2-TD5/tp2/instancias/2l-cvrp-0/E033-05s.dat
1 4 3 13 12 33 9 10 11 8 7 6 1 , Costo:153.181
1 5 14 2 15 16 18 26 28 29 20 1 , Costo:299.876
1 31 32 30 17 25 24 21 22 1 , Costo:311.257
1 27 19 23 1 , Costo:237.876
Costo total:1002.19

/workspaces/TP2-TD5/tp2/instancias/2l-cvrp-0/E036-11h.dat
1 27 13 18 4 1 , Costo:52.8616
1 5 35 9 1 , Costo:37.0246
1 7 3 31 1 , Costo:39.0814
1 8 36 20 14 16 24 1 , Costo:132.964
1 28 30 6 23 1 , Costo:91.6544
1 34 2 17 1 , Costo:59.3189
1 33 10 1 , Costo:53.0156
1 29 22 1 , Costo:61.2968
1 11 32 26 1 , Costo:91.1343
1 15 21 19 1 , Costo:176.677
1 12 25 1 , Costo:115.092
Costo total:910.12

/workspaces/TP2-TD5/tp2/instancias/2l-cvrp-0/E041-14h.dat
1 27 13 18 24 1 , Costo:79.7608
1 5 35 36 1 , Costo:43.3502
1 7 3 30 1 , Costo:52.2026
1 8 9 20 14 1 , Costo:64.39
1 41 40 4 1 , Costo:61.2819
1 31 29 16 1 , Costo:82.4873
1 28 6 38 1 , Costo:69.2422
1 34 2 23 1 , Costo:66.1294
1 17 25 19 1 , Costo:83.1074
1 33 10 1 , Costo:53.0156
1 11 39 1 , Costo:59.9258
1 22 37 26 1 , Costo:136.436
1 15 32 1 , Costo:101.27
1 12 21 1 , Costo:118.097
Costo total:1070.7

/workspaces/TP2-TD5/tp2/instancias/2l-cvrp-0/E045-04f.dat
1 25 10 16 2 3 17 11 18 19 12 13 14 38 37 4 27 1 , Costo:347.818
1 22 21 9 20 26 23 24 1 , Costo:152.647
1 39 43 40 41 35 32 33 42 31 44 6 1 , Costo:212.645
1 45 34 30 28 7 8 36 5 15 29 1 , Costo:520.458
Costo total:1233.57

/workspaces/TP2-TD5/tp2/instancias/2l-cvrp-0/E048-04y.dat
1 15 24 12 13 16 33 46 44 19 8 28 36 30 7 37 1 , Costo:10659.8
1 14 22 47 21 40 10 2 9 38 31 20 27 43 18 4 1 , Costo:16154.3
1 39 32 48 6 29 3 42 11 25 45 35 26 5 34 41 1 , Costo:20142.1
1 23 17 1 , Costo:5049.93
Costo total:52006.2

/workspaces/TP2-TD5/tp2/instancias/2l-cvrp-0/E051-05e.dat
1 47 13 48 5 18 38 16 45 43 20 42 11 1 , Costo:142.48
1 28 2 33 12 39 6 50 10 51 17 30 22 1 , Costo:116.784
1 7 49 9 27 32 29 4 21 36 37 1 , Costo:127.534
1 19 15 26 14 41 46 34 1 , Costo:138.851
1 23 3 35 31 40 24 8 44 25 1 , Costo:185.85
Costo total:711.499

/workspaces/TP2-TD5/tp2/instancias/2l-cvrp-0/E072-04f.dat
1 32 33 35 55 56 42 58 57 62 61 59 60 64 63 65 66 67 68 69 40 70 38 39 41 52 50 51 49 45 44 54 1 , Costo:101.156
1 21 30 24 27 25 26 31 22 23 29 28 43 47 46 48 71 53 37 36 15 16 3 18 14 13 17 4 10 1 , Costo:146.641
1 34 19 2 20 72 7 11 6 9 1 , Costo:64.6812
1 12 5 8 1 , Costo:55.7893
Costo total:368.267

/workspaces/TP2-TD5/tp2/instancias/2l-cvrp-0/E076-07s.dat
1 76 69 7 52 18 41 13 27 68 35 53 73 72 1 , Costo:189.411
1 5 46 30 49 48 22 75 29 63 74 2 24 1 , Costo:112.835
1 47 9 36 8 54 15 20 55 14 28 16 58 38 1 , Costo:135.731
1 31 3 34 64 17 4 45 33 10 40 26 1 , Costo:119.2
1 59 11 39 66 12 67 60 32 56 50 1 , Costo:190.394
1 6 37 70 61 71 21 62 23 43 42 44 57 25 1 , Costo:192.574
1 51 19 65 1 , Costo:130.045
Costo total:1070.19

/workspaces/TP2-TD5/tp2/instancias/2l-cvrp-0/E076-07u.dat
1 76 69 7 52 18 41 13 27 68 35 53 73 72 1 , Costo:189.411
1 5 46 30 49 48 22 75 29 63 74 2 24 1 , Costo:112.835
1 47 9 36 8 54 15 20 55 14 28 16 58 38 1 , Costo:135.731
1 31 3 34 64 17 4 45 33 10 40 26 1 , Costo:119.2
1 59 11 39 66 12 67 60 32 56 50 1 , Costo:190.394
1 6 37 70 61 71 21 62 23 43 42 44 57 25 1 , Costo:192.574
1 51 19 65 1 , Costo:130.045
Costo total:1070.19

/workspaces/TP2-TD5/tp2/instancias/2l-cvrp-0/E076-08s.dat
1 76 69 7 52 18 41 13 27 68 73 1 , Costo:91.8585
1 5 35 47 9 36 8 54 15 66 1 , Costo:96.2951
1 46 30 49 48 22 75 29 63 74 64 50 1 , Costo:112.14
1 53 28 14 55 20 60 12 67 72 1 , Costo:188.805
1 31 3 34 2 44 42 43 65 23 1 , Costo:108.259
1 17 4 45 33 10 40 59 11 56 24 1 , Costo:167.512
1 6 38 21 71 61 37 70 62 16 58 39 26 1 , Costo:223.768
1 51 19 25 57 32 1 , Costo:160.768
Costo total:1149.41

/workspaces/TP2-TD5/tp2/instancias/2l-cvrp-0/E076-08u.dat
1 76 69 7 52 18 41 13 27 68 73 1 , Costo:91.8585
1 5 35 47 9 36 8 54 15 66 1 , Costo:96.2951
1 46 30 49 48 22 75 29 63 74 64 50 1 , Costo:112.14
1 53 28 14 55 20 60 12 67 72 1 , Costo:188.805
1 31 3 34 2 44 42 43 65 23 1 , Costo:108.259
1 17 4 45 33 10 40 59 11 56 24 1 , Costo:167.512
1 6 38 21 71 61 37 70 62 16 58 39 26 1 , Costo:223.768
1 51 19 25 57 32 1 , Costo:160.768
Costo total:1149.41

/workspaces/TP2-TD5/tp2/instancias/2l-cvrp-0/E076-10e.dat
1 76 69 7 52 18 41 13 73 66 1 , Costo:95.8352
1 68 35 47 9 36 8 54 1 , Costo:59.2803
1 27 5 46 30 49 48 37 72 1 , Costo:95.3572
1 53 28 14 55 20 15 60 74 1 , Costo:140.723
1 31 75 29 63 23 2 44 43 1 , Costo:99.62
1 3 34 64 17 4 45 33 1 , Costo:76.4687
1 59 11 39 12 40 26 1 , Costo:113.4
1 10 51 19 25 50 24 57 56 1 , Costo:164.711
1 6 38 21 71 61 70 22 62 16 1 , Costo:142.898
1 58 67 32 42 65 1 , Costo:217.554
Costo total:1205.85

/workspaces/TP2-TD5/tp2/instancias/2l-cvrp-0/E076-14s.dat
1 76 69 7 52 18 13 73 1 , Costo:62.273
1 68 35 47 9 16 1 , Costo:67.3453
1 27 8 36 54 15 72 1 , Costo:126.843
1 5 46 30 49 75 74 1 , Costo:67.2967
1 41 33 45 4 50 24 1 , Costo:83.6215
1 53 28 14 55 20 58 56 1 , Costo:175.203
1 31 3 63 29 1 , Costo:60.7215
1 34 64 17 2 44 1 , Costo:82.6043
1 59 11 39 66 40 1 , Costo:82.7214
1 10 26 51 19 42 1 , Costo:123.493
1 6 38 21 71 61 37 1 , Costo:93.3938
1 48 22 62 23 43 70 1 , Costo:140.896
1 12 67 60 1 , Costo:90.118
1 25 57 65 1 , Costo:116.107
Costo total:1372.64

/workspaces/TP2-TD5/tp2/instancias/2l-cvrp-0/E076-14u.dat
1 76 69 7 52 18 13 73 1 , Costo:62.273
1 68 35 47 9 16 1 , Costo:67.3453
1 27 8 36 54 15 72 1 , Costo:126.843
1 5 46 30 49 75 74 1 , Costo:67.2967
1 41 33 45 4 50 24 1 , Costo:83.6215
1 53 28 14 55 20 58 56 1 , Costo:175.203
1 31 3 63 29 1 , Costo:60.7215
1 34 64 17 2 44 1 , Costo:82.6043
1 59 11 39 66 40 1 , Costo:82.7214
1 10 26 51 19 42 1 , Costo:123.493
1 6 38 21 71 61 37 1 , Costo:93.3938
1 48 22 62 23 43 70 1 , Costo:140.896
1 12 67 60 1 , Costo:90.118
1 25 57 65 1 , Costo:116.107
Costo total:1372.64

/workspaces/TP2-TD5/tp2/instancias/2l-cvrp-0/E076-15s.dat
1 76 69 7 52 18 13 73 1 , Costo:62.273
1 68 35 47 9 16 1 , Costo:67.3453
1 27 8 36 54 15 72 1 , Costo:126.843
1 5 46 30 49 75 74 1 , Costo:67.2967
1 41 33 45 4 50 24 1 , Costo:83.6215
1 53 28 14 55 20 58 56 1 , Costo:175.203
1 31 3 63 29 1 , Costo:60.7215
1 34 64 17 2 44 1 , Costo:82.6043
1 59 11 39 66 40 1 , Costo:82.7214
1 10 26 51 19 42 1 , Costo:123.493
1 6 38 21 71 61 37 1 , Costo:93.3938
1 48 22 62 23 43 70 1 , Costo:140.896
1 12 67 60 1 , Costo:90.118
1 25 57 65 1 , Costo:116.107
1 32 1 , Costo:74.2159
Costo total:1446.85

/workspaces/TP2-TD5/tp2/instancias/2l-cvrp-0/E076A10r.dat
76 28 22 13 17 16 12 24 18 19 23 53 65 54 45 76 , Costo:275.29
76 20 25 21 27 14 66 51 69 50 60 38 35 76 , Costo:263.129
76 26 67 61 68 31 59 47 43 42 10 76 , Costo:339.222
76 15 62 56 58 63 46 44 57 48 32 41 34 5 11 74 76 , Costo:531.74
76 52 70 72 73 71 36 76 , Costo:243.578
76 8 1 7 9 6 2 29 76 , Costo:335.978
76 4 3 30 33 40 76 , Costo:351.918
76 64 55 49 76 , Costo:178.562
76 39 76 , Costo:162.012
76 37 76 , Costo:175.146
Costo total:2856.57

/workspaces/TP2-TD5/tp2/instancias/2l-cvrp-0/E076B09r.dat
76 4 2 9 15 72 12 73 76 , Costo:47.6959
76 7 13 6 11 1 8 74 10 5 14 40 52 76 , Costo:60.8967
76 71 3 41 46 39 51 48 53 37 54 47 76 , Costo:153.267
76 36 68 70 69 75 45 38 42 49 65 67 64 59 62 60 57 56 55 32 33 30 25 76 , Costo:612.2
76 50 44 22 21 27 76 , Costo:192.728
76 43 19 16 26 34 24 17 31 76 , Costo:222.987
76 63 61 58 35 76 , Costo:420.844
76 23 18 28 76 , Costo:190.587
76 20 29 66 76 , Costo:361.738
Costo total:2262.94

/workspaces/TP2-TD5/tp2/instancias/2l-cvrp-0/E076C09r.dat
76 11 57 5 7 51 2 1 6 55 10 8 9 54 53 64 3 62 22 14 25 76 , Costo:156.353
76 59 75 60 4 65 56 58 52 76 , Costo:94.9685
76 73 72 74 63 61 47 18 41 38 39 69 76 , Costo:362.618
76 24 27 23 21 19 71 66 76 , Costo:253.831
76 36 48 50 33 76 , Costo:178.365
76 45 20 12 28 17 13 76 , Costo:178.141
76 68 70 15 16 26 67 44 46 34 35 49 42 37 32 76 , Costo:513.922
76 31 29 40 43 76 , Costo:281.675
76 30 76 , Costo:195.602
Costo total:2215.47

/workspaces/TP2-TD5/tp2/instancias/2l-cvrp-0/E076D09r.dat
76 58 57 48 41 50 56 55 52 44 47 45 59 51 43 37 34 38 76 , Costo:207.986
76 40 46 53 49 28 31 29 39 26 36 76 , Costo:216.782
76 54 42 30 32 33 18 14 15 17 70 76 , Costo:281.631
76 21 23 20 19 22 24 74 76 , Costo:126.715
76 16 13 12 71 72 73 75 7 6 11 5 4 10 9 8 67 62 68 76 , Costo:313.637
76 35 27 2 60 76 , Costo:333.858
76 25 66 69 64 76 , Costo:318.866
76 3 1 61 63 76 , Costo:237.851
76 65 76 , Costo:176.782
Costo total:2214.11

/workspaces/TP2-TD5/tp2/instancias/2l-cvrp-0/E101-08e.dat
1 54 59 41 22 74 73 75 23 76 57 40 24 56 93 1 , Costo:136.358
1 28 29 27 13 81 69 78 4 80 34 82 79 1 , Costo:92.4743
1 90 7 95 96 98 88 3 58 16 44 43 101 38 99 94 92 18 61 1 , Costo:131.448
1 14 97 100 60 86 62 17 45 15 39 47 1 , Costo:139.721
1 53 19 84 85 6 46 9 83 49 48 37 20 8 91 1 , Costo:156.994
1 70 2 51 77 30 25 55 5 26 68 42 87 89 32 1 , Costo:222.372
1 71 31 21 52 10 72 36 35 66 67 33 64 12 65 1 , Costo:198.652
1 11 63 50 1 , Costo:96.3427
Costo total:1174.36

/workspaces/TP2-TD5/tp2/instancias/2l-cvrp-0/E101-10c.dat
1 21 22 23 24 27 29 28 26 25 30 31 35 37 1 , Costo:92.9758
1 68 66 64 63 67 70 69 65 62 73 75 1 , Costo:63.056
1 6 4 5 7 9 10 12 11 8 76 2 3 99 1 , Costo:90.6004
1 44 43 42 41 45 46 47 49 51 52 53 50 48 32 36 60 1 , Costo:147.091
1 91 90 89 86 85 84 83 87 88 92 97 100 95 1 , Costo:132.998
1 14 18 19 20 16 17 15 13 56 1 , Costo:164.898
1 33 34 38 39 40 58 54 1 , Costo:152.571
1 96 98 94 93 101 82 79 77 1 , Costo:177.098
1 55 57 59 61 81 80 78 74 71 1 , Costo:176.195
1 72 1 , Costo:114.018
Costo total:1311.5

/workspaces/TP2-TD5/tp2/instancias/2l-cvrp-0/E101-14s.dat
1 54 59 41 22 74 73 75 23 1 , Costo:60.3403
1 28 29 27 13 81 69 56 1 , Costo:83.0934
1 90 7 95 96 98 93 60 92 18 47 1 , Costo:105.215
1 14 88 3 58 16 44 43 101 38 61 1 , Costo:98.6374
1 53 19 84 85 6 100 97 94 8 1 , Costo:97.3982
1 70 2 51 77 78 4 80 34 79 25 91 1 , Costo:148.965
1 32 89 63 11 71 31 21 37 1 , Costo:139.937
1 99 86 62 17 45 9 1 , Costo:94.7156
1 55 5 57 76 42 24 26 30 1 , Costo:135.491
1 83 49 48 20 12 1 , Costo:83.7864
1 52 10 82 35 36 72 66 1 , Costo:126.432
1 46 87 39 15 68 1 , Costo:169.577
1 40 67 33 64 65 1 , Costo:179.456
1 50 1 , Costo:87.8635
Costo total:1610.91

/workspaces/TP2-TD5/tp2/instancias/2l-cvrp-0/E101-14u.dat
1 54 59 41 22 74 73 75 23 1 , Costo:60.3403
1 28 29 27 13 81 69 56 1 , Costo:83.0934
1 90 7 95 96 98 93 60 92 18 47 1 , Costo:105.215
1 14 88 3 58 16 44 43 101 38 61 1 , Costo:98.6374
1 53 19 84 85 6 100 97 94 8 1 , Costo:97.3982
1 70 2 51 77 78 4 80 34 79 25 91 1 , Costo:148.965
1 32 89 63 11 71 31 21 37 1 , Costo:139.937
1 99 86 62 17 45 9 1 , Costo:94.7156
1 55 5 57 76 42 24 26 30 1 , Costo:135.491
1 83 49 48 20 12 1 , Costo:83.7864
1 52 10 82 35 36 72 66 1 , Costo:126.432
1 46 87 39 15 68 1 , Costo:169.577
1 40 67 33 64 65 1 , Costo:179.456
1 50 1 , Costo:87.8635
Costo total:1610.91

/workspaces/TP2-TD5/tp2/instancias/2l-cvrp-0/E101A11r.dat
101 53 64 55 57 60 54 58 59 52 28 37 35 38 24 74 68 101 , Costo:225.938
101 62 56 61 65 63 19 22 23 21 27 31 33 99 100 101 , Costo:266.562
101 20 34 29 43 4 101 , Costo:302.781
101 25 30 26 70 73 72 75 69 71 44 39 5 101 , Costo:407.674
101 36 32 67 40 42 47 48 11 12 101 , Costo:363.407
101 98 1 14 13 8 7 81 77 78 86 101 , Costo:244.051
101 16 9 10 18 17 6 3 79 92 95 101 , Costo:299.682
101 2 15 90 93 80 84 88 82 89 101 , Costo:224.428
101 76 91 87 94 96 85 41 101 , Costo:380.272
101 46 51 50 49 45 83 101 , Costo:371.029
101 97 66 101 , Costo:351.772
Costo total:3437.59

/workspaces/TP2-TD5/tp2/instancias/2l-cvrp-0/E101B11r.dat
101 28 22 13 17 16 12 24 18 27 19 23 53 65 45 38 101 , Costo:288.455
101 20 25 21 15 26 84 86 85 5 10 101 , Costo:302.583
101 14 66 67 51 88 83 82 87 8 1 7 9 11 2 95 89 76 74 56 35 101 , Costo:562.302
101 62 52 81 77 80 79 78 57 44 47 59 68 42 41 101 , Costo:237.658
101 69 54 60 50 33 55 46 36 64 43 31 61 34 32 48 101 , Costo:278.963
101 58 63 39 49 40 94 101 , Costo:321.482
101 100 98 90 92 97 99 101 , Costo:239.272
101 4 6 3 91 73 101 , Costo:367.508
101 70 72 71 37 29 101 , Costo:285.031
101 93 30 101 , Costo:266.15
101 96 101 , Costo:171.977
Costo total:3321.38

/workspaces/TP2-TD5/tp2/instancias/2l-cvrp-0/E101C11r.dat
101 4 2 9 15 77 72 5 12 10 74 8 11 36 68 73 13 14 71 40 51 95 101 , Costo:101.559
101 7 6 1 70 91 92 93 98 85 90 96 42 54 87 65 101 , Costo:241.186
101 3 100 76 75 52 46 45 32 33 30 84 101 , Costo:300.213
101 41 39 94 86 53 49 47 78 101 , Costo:226.488
101 99 69 89 48 50 64 59 62 101 , Costo:295.87
101 97 88 43 67 80 82 25 31 34 101 , Costo:328.691
101 38 37 44 83 79 22 21 27 26 24 17 55 101 , Costo:452.959
101 19 16 23 35 28 29 101 , Costo:208.376
101 63 57 60 58 61 56 101 , Costo:259.265
101 18 20 101 , Costo:187.469
101 81 66 101 , Costo:314.223
Costo total:2916.3

/workspaces/TP2-TD5/tp2/instancias/2l-cvrp-0/E101D11r.dat
101 11 57 5 7 51 2 1 6 55 10 8 9 54 53 64 3 62 22 27 14 23 25 18 47 39 101 , Costo:249.081
101 78 76 59 75 60 4 65 56 58 61 63 99 101 , Costo:166.704
101 73 81 72 77 80 74 97 100 29 32 92 101 , Costo:400.298
101 79 68 70 13 69 82 101 , Costo:277.773
101 24 91 93 15 89 26 87 88 66 101 , Costo:237.32
101 52 45 38 44 83 85 84 86 49 46 35 42 37 101 , Costo:241.368
101 36 48 50 96 40 33 41 17 71 101 , Costo:355.888
101 98 94 43 101 , Costo:198.105
101 20 12 28 21 19 16 90 67 34 101 , Costo:395.547
101 95 31 101 , Costo:161.542
101 30 101 , Costo:195.602
Costo total:2879.23

/workspaces/TP2-TD5/tp2/instancias/2l-cvrp-0/E121-07c.dat
1 89 83 112 87 88 93 90 92 91 19 115 119 109 110 116 111 99 117 1 , Costo:77.4723
1 96 103 102 100 101 104 105 108 107 106 97 94 95 98 86 113 85 118 114 84 82 7 33 1 , Costo:243.517
1 120 121 68 70 71 72 75 73 76 79 78 77 74 80 35 1 , Costo:275.888
1 8 10 11 12 16 15 14 13 9 5 4 6 3 2 21 29 1 , Costo:232.717
1 69 81 54 55 53 58 60 62 63 65 64 61 59 56 57 67 1 , Costo:246.577
1 18 17 20 26 25 23 28 31 32 36 37 34 24 27 22 30 38 40 1 , Costo:241.873
1 41 44 46 49 48 47 45 42 43 39 50 51 52 66 1 , Costo:247.291
Costo total:1565.34

/workspaces/TP2-TD5/tp2/instancias/2l-cvrp-0/E135-07f.dat
1 92 22 26 27 28 29 31 32 60 61 62 63 53 52 51 54 103 104 57 58 106 105 102 101 99 100 37 36 97 94 7 1 , Costo:110.595
1 73 74 75 77 135 33 49 2 76 48 78 65 79 64 80 35 50 55 56 59 98 39 40 46 95 30 93 91 90 17 14 16 15 89 13 12 11 10 9 6 5 3 43 42 4 41 44 45 38 8 86 1 , Costo:249.294
1 23 25 24 47 119 18 19 72 67 134 68 69 81 34 70 71 123 117 120 1 , Costo:295.779
1 21 83 20 131 66 84 85 87 88 82 113 126 112 111 1 , Costo:338.359
1 96 133 127 125 124 1 , Costo:208.655
1 118 132 116 115 107 108 109 110 128 1 , Costo:339.194
1 114 130 129 122 121 1 , Costo:242.46
Costo total:1784.34

/workspaces/TP2-TD5/tp2/instancias/2l-cvrp-0/E151-12b.dat
1 54 106 27 150 110 13 139 29 112 133 70 2 102 71 123 56 1 , Costo:135.881
1 28 147 53 128 32 89 149 63 11 109 91 127 64 33 47 1 , Costo:137.111
1 113 90 148 7 95 96 118 98 93 60 100 105 97 61 18 92 1 , Costo:98.9828
1 59 41 22 74 73 75 134 23 76 57 140 40 26 25 1 , Costo:106.287
1 14 138 88 145 58 116 3 146 42 16 44 143 43 101 38 99 62 8 1 , Costo:146.121
1 77 117 78 4 80 130 79 35 121 10 104 72 137 36 52 1 , Costo:113.921
1 19 84 119 6 85 126 46 9 115 83 125 1 , Costo:99.2891
1 51 103 34 82 136 66 67 129 21 31 132 1 , Costo:128.561
1 107 49 124 20 108 12 65 50 144 37 48 1 , Costo:120.345
1 94 86 17 142 45 120 15 141 39 111 81 151 1 , Costo:139.737
1 69 122 30 135 55 131 5 24 68 1 , Costo:125.945
1 114 87 1 , Costo:74.0492
Costo total:1426.23

/workspaces/TP2-TD5/tp2/instancias/2l-cvrp-0/E151-12c.dat
1 104 6 77 50 10 63 39 79 12 33 120 52 2 121 23 106 1 , Costo:135.881
1 13 140 48 57 145 146 18 148 143 110 5 150 147 111 68 142 97 1 , Costo:140.619
1 47 78 103 28 82 139 49 113 61 9 141 27 114 83 1 , Costo:98.6686
1 109 91 72 124 123 125 34 73 126 107 40 90 76 75 1 , Costo:106.287
1 64 38 138 45 108 16 53 46 92 66 94 43 93 151 88 149 112 58 1 , Costo:146.121
1 127 17 128 54 130 30 129 85 21 60 4 122 37 86 102 1 , Costo:113.921
1 69 134 19 56 135 26 96 59 15 133 25 1 , Costo:99.2891
1 101 3 84 132 36 116 117 29 71 81 32 1 , Costo:128.561
1 7 99 24 70 8 62 115 100 44 87 98 1 , Costo:120.345
1 144 136 67 42 95 20 65 41 89 11 51 131 1 , Costo:139.737
1 119 22 80 35 105 31 55 74 118 1 , Costo:125.945
1 14 137 1 , Costo:74.0492
Costo total:1429.42

/workspaces/TP2-TD5/tp2/instancias/2l-cvrp-0/E151A15r.dat
151 62 64 53 60 57 55 56 61 65 58 59 52 130 131 132 38 35 151 , Costo:180.866
151 54 63 137 133 136 135 134 119 127 117 123 115 125 120 151 , Costo:234.449
151 28 37 25 24 31 33 32 27 29 36 23 22 19 151 , Costo:135.208
151 26 30 20 21 116 124 121 126 118 74 151 , Costo:273.377
151 34 128 68 70 72 69 71 44 151 , Costo:377.04
151 107 110 99 101 112 103 111 108 113 106 104 100 109 102 105 16 8 9 5 12 13 1 7 3 10 4 11 145 81 151 , Costo:407.543
151 98 2 15 78 86 151 , Costo:276.307
151 122 129 73 39 41 43 77 151 , Costo:478.977
151 114 75 67 40 47 46 48 50 150 141 92 95 151 , Costo:552.046
151 146 140 139 149 142 144 147 138 151 , Costo:255.213
151 42 51 49 45 14 148 143 79 151 , Costo:424.224
151 76 89 87 91 88 84 80 93 90 85 82 96 151 , Costo:313.803
151 97 94 6 151 , Costo:333.076
151 66 18 17 151 , Costo:418.765
151 83 151 , Costo:241.479
Costo total:4902.37

/workspaces/TP2-TD5/tp2/instancias/2l-cvrp-0/E151B14r.dat
151 145 26 148 142 144 28 22 127 13 123 120 136 17 125 126 128 131 133 135 134 132 138 12 151 , Costo:90.1415
151 20 124 18 27 21 19 25 23 15 141 140 143 146 149 14 24 130 122 121 85 151 , Costo:288.288
151 147 150 53 62 52 56 58 63 60 50 54 69 59 68 61 57 46 44 38 35 47 45 42 41 84 151 , Costo:338.962
151 16 129 137 139 151 , Costo:69.0984
151 65 66 67 51 55 64 33 32 34 80 151 , Costo:297.821
151 86 82 83 88 87 8 5 4 9 7 1 10 6 11 89 104 108 151 , Costo:398.855
151 81 77 79 78 70 72 73 117 119 111 74 151 , Costo:369.472
151 106 98 94 90 102 96 95 99 92 101 76 48 151 , Costo:561.461
151 71 114 110 113 109 115 112 116 118 43 151 , Costo:423.22
151 100 91 97 105 2 151 , Costo:315.646
151 93 103 151 , Costo:222.022
151 36 31 29 40 37 49 30 151 , Costo:248.063
151 39 3 107 151 , Costo:514.379
151 75 151 , Costo:247.136
Costo total:4384.57

/workspaces/TP2-TD5/tp2/instancias/2l-cvrp-0/E151C14r.dat
151 7 13 6 1 11 8 10 12 71 5 77 72 103 108 101 102 111 109 106 15 151 , Costo:65.6919
151 2 4 9 14 3 107 40 151 , Costo:60.127
151 74 70 68 73 69 75 76 36 95 87 98 151 , Costo:115.279
151 100 104 110 115 113 112 114 130 128 129 127 133 135 140 138 142 126 151 , Costo:243.852
151 105 99 41 46 52 39 51 42 37 54 96 85 149 145 151 , Costo:195.326
151 91 92 89 93 86 94 90 53 49 47 45 137 32 33 151 , Costo:272.27
151 48 50 44 144 150 148 146 59 62 55 65 84 151 , Costo:532.704
151 97 88 43 141 143 136 26 151 , Costo:281.883
151 38 139 131 134 132 16 21 30 25 31 116 151 , Costo:461.982
151 147 64 67 66 63 60 56 151 , Costo:395.162
151 78 82 83 80 79 81 22 27 23 24 34 17 35 119 121 151 , Costo:537.352
151 19 18 29 151 , Costo:239.568
151 117 125 118 123 120 124 151 , Costo:287.018
151 122 28 20 57 58 61 151 , Costo:679.367
Costo total:4367.58

/workspaces/TP2-TD5/tp2/instancias/2l-cvrp-0/E151D14r.dat
151 11 5 7 57 51 4 1 2 6 8 9 3 62 53 64 54 55 10 58 61 56 73 151 , Costo:141.096
151 78 76 79 74 81 72 77 99 151 , Costo:172.723
151 59 60 65 63 52 47 45 38 44 39 42 43 35 34 46 49 129 127 132 133 130 124 125 121 151 , Costo:361.768
151 75 80 149 146 145 143 148 141 150 140 147 142 96 32 107 102 100 92 151 , Costo:483.186
151 139 138 97 29 101 103 83 151 , Costo:356.707
151 144 98 50 40 33 85 82 18 151 , Costo:304.721
151 24 22 27 14 23 25 28 12 17 20 21 13 110 151 , Costo:262.169
151 95 94 31 108 105 106 37 86 119 117 151 , Costo:511.055
151 36 48 41 131 126 19 116 109 151 , Costo:332.172
151 68 70 69 71 67 66 88 91 93 89 87 90 120 112 113 26 118 15 123 137 151 , Costo:708.093
151 16 111 115 84 135 134 151 , Costo:536.957
151 122 128 151 , Costo:194.98
151 114 136 151 , Costo:400.31
151 104 151 , Costo:198.595
Costo total:4964.53

/workspaces/TP2-TD5/tp2/instancias/2l-cvrp-0/E200-16b.dat
1 157 113 90 148 7 184 95 96 118 98 93 152 1 , Costo:49.2458
1 54 106 27 150 196 110 13 139 155 29 28 92 47 1 , Costo:137.932
1 147 168 70 133 177 2 102 163 32 191 128 89 149 8 1 , Costo:75.2119
1 59 153 41 181 22 74 73 75 172 23 134 56 1 , Costo:90.1785
1 112 77 197 117 78 4 159 80 130 186 34 82 79 25 1 , Costo:92.4261
1 14 138 88 145 58 179 3 116 146 42 76 57 187 198 61 1 , Costo:122.95
1 53 154 107 195 183 63 160 11 190 109 91 127 71 18 1 , Costo:136.106
1 167 19 84 200 115 9 175 126 46 85 174 62 17 141 1 , Costo:119.128
1 97 100 105 60 94 86 194 101 38 99 192 120 1 , Costo:78.3417
1 185 69 81 151 178 55 131 166 26 171 188 140 111 43 1 , Costo:121.799
1 51 103 158 52 10 121 165 35 170 122 30 36 1 , Costo:126.807
1 119 6 114 87 142 45 193 143 37 1 , Costo:155.313
1 199 180 5 156 40 24 68 135 164 1 , Costo:120.124
1 123 31 161 129 21 189 104 162 72 137 136 44 1 , Costo:170.975
1 83 49 125 48 169 124 20 108 176 12 64 65 1 , Costo:125.713
1 173 16 15 39 144 50 182 33 132 67 1 , Costo:212.286
Costo total:1934.54

/workspaces/TP2-TD5/tp2/instancias/2l-cvrp-0/E200-16c.dat
1 7 62 34 106 97 189 17 118 4 56 45 107 160 1 , Costo:71.3357
1 153 55 31 140 3 158 87 113 67 195 197 2 192 191 117 1 , Costo:94.0818
1 96 127 18 77 41 131 13 51 170 130 72 151 109 146 1 , Costo:144.041
1 128 61 27 82 169 101 150 52 8 133 36 179 79 178 71 1 , Costo:88.2052
1 5 88 112 59 28 100 180 168 66 47 176 1 , Costo:49.6918
1 126 99 46 30 60 49 121 173 172 48 175 83 1 , Costo:77.433
1 152 188 98 162 10 40 110 58 190 76 163 132 81 86 155 1 , Costo:157.875
1 194 196 54 199 159 193 185 44 200 137 198 1 , Costo:57.0812
1 35 177 9 103 20 129 124 14 84 154 80 16 125 21 1 , Costo:110.549
1 102 29 65 157 94 187 23 142 92 114 69 43 144 42 1 , Costo:92.3048
1 68 105 184 24 161 116 91 186 63 1 , Costo:85.2113
1 183 50 64 108 25 75 145 182 148 74 19 136 1 , Costo:115.266
1 33 73 119 57 26 111 164 149 93 147 78 1 , Costo:148.413
1 22 174 122 141 95 115 143 138 90 156 37 123 139 38 1 , Costo:173.43
1 6 104 89 167 134 15 70 181 53 1 , Costo:151.482
1 11 120 39 166 171 12 85 135 165 1 , Costo:130.543
Costo total:1746.94

/workspaces/TP2-TD5/tp2/instancias/2l-cvrp-0/E200-17b.dat
1 157 113 90 148 7 184 95 96 118 98 93 152 1 , Costo:49.2458
1 54 106 27 150 196 110 13 139 155 29 28 92 47 1 , Costo:137.932
1 147 168 70 133 177 2 102 163 32 191 128 89 149 8 1 , Costo:75.2119
1 59 153 41 181 22 74 73 75 172 23 134 56 1 , Costo:90.1785
1 112 77 197 117 78 4 159 80 130 186 34 82 79 25 1 , Costo:92.4261
1 14 138 88 145 58 179 3 116 146 42 76 57 187 198 61 1 , Costo:122.95
1 53 154 107 195 183 63 160 11 190 109 91 127 71 18 1 , Costo:136.106
1 167 19 84 200 115 9 175 126 46 85 174 62 17 141 1 , Costo:119.128
1 97 100 105 60 94 86 194 101 38 99 192 120 1 , Costo:78.3417
1 185 69 81 151 178 55 131 166 26 171 188 140 111 43 1 , Costo:121.799
1 51 103 158 52 10 121 165 35 170 122 30 36 1 , Costo:126.807
1 119 6 114 87 142 45 193 143 37 1 , Costo:155.313
1 199 180 5 156 40 24 68 135 164 1 , Costo:120.124
1 123 31 161 129 21 189 104 162 72 137 136 44 1 , Costo:170.975
1 83 49 125 48 169 124 20 108 176 12 64 65 1 , Costo:125.713
1 173 16 15 39 144 50 182 33 132 67 1 , Costo:212.286
1 66 1 , Costo:99.8599
Costo total:2034.4

/workspaces/TP2-TD5/tp2/instancias/2l-cvrp-0/E200-17c.dat
1 7 62 34 106 97 189 17 118 4 56 45 107 160 1 , Costo:71.3357
1 153 55 31 140 3 158 87 113 67 195 197 2 192 191 117 1 , Costo:94.0818
1 96 127 18 77 41 131 13 51 170 130 72 151 109 146 1 , Costo:144.041
1 128 61 27 82 169 101 150 52 8 133 36 179 79 178 71 1 , Costo:88.2052
1 5 88 112 59 28 100 180 168 66 47 176 1 , Costo:49.6918
1 126 99 46 30 60 49 121 173 172 48 175 83 1 , Costo:77.433
1 152 188 98 162 10 40 110 58 190 76 163 132 81 86 155 1 , Costo:157.875
1 194 196 54 199 159 193 185 44 200 137 198 1 , Costo:57.0812
1 35 177 9 103 20 129 124 14 84 154 80 16 125 21 1 , Costo:110.549
1 102 29 65 157 94 187 23 142 92 114 69 43 144 42 1 , Costo:92.3048
1 68 105 184 24 161 116 91 186 63 1 , Costo:85.2113
1 183 50 64 108 25 75 145 182 148 74 19 136 1 , Costo:115.266
1 33 73 119 57 26 111 164 149 93 147 78 1 , Costo:148.413
1 22 174 122 141 95 115 143 138 90 156 37 123 139 38 1 , Costo:173.43
1 6 104 89 167 134 15 70 181 53 1 , Costo:151.482
1 11 120 39 166 171 12 85 135 165 1 , Costo:130.543
1 32 1 , Costo:82.3893
Costo total:1829.33
